7833
7832
7826
7823
7822
7821
7820
7819
7818
7817
7816
7815
7811
7810
7809
7808
7807
7806
7805
7804
7803
7802
7801
7789
7784
7782
7779
7775
7773
7771
7763
7761
7757
7755
7753
7752
7750
7747
7741
7737
7734
7731
7730
7728
7726
7716
7707
7701
7683
7678
7672
7670
7668
7666
7658
7657
7653
7646
7643
7623
7618
7607
7597
7588
7561
7552
7548
7547
7537
7532
7487
7466
7432
7425
7422
7392
7371
7325
7323
7317
7314
7310
7309
7305
7301
7296
7291
7288
7277
7253
7246
7237
7235
7234
7198
7162
7131
7130
7128
7127
7125
7123
7119
